25 25
unavailable
37.66000000000001 26.22 25.16 23.72
unavailable
37.66000000000001 50.94 25.16 23.72
unavailable
37.66000000000001 75.66 25.16 23.72
unavailable
37.66000000000001 100.38 25.16 23.72
unavailable
37.66000000000001 125.1 25.16 23.72
room
37.66000000000001 149.82 25.16 23.72
unavailable
37.66000000000001 174.54 25.16 23.72
unavailable
37.66000000000001 199.26 25.16 23.72
unavailable
37.66000000000001 223.98 25.16 23.72
unavailable
37.66000000000001 248.7 25.16 23.72
unavailable
37.66000000000001 273.41999999999996 25.16 23.72
unavailable
37.66000000000001 298.14 25.16 23.72
unavailable
37.66000000000001 322.86 25.16 23.72
unavailable
37.66000000000001 347.58000000000004 25.16 23.72
unavailable
37.66000000000001 372.29999999999995 25.16 23.72
unavailable
37.66000000000001 397.02 25.16 23.72
unavailable
37.66000000000001 421.74 25.16 23.72
unavailable
37.66000000000001 446.46000000000004 25.16 23.72
room
37.66000000000001 471.17999999999995 25.16 23.72
unavailable
37.66000000000001 495.9 25.16 23.72
unavailable
37.66000000000001 520.62 25.16 23.72
unavailable
37.66000000000001 545.34 25.16 23.72
unavailable
37.66000000000001 570.06 25.16 23.72
unavailable
37.66000000000001 594.78 25.16 23.72
unavailable
37.66000000000001 619.5 25.16 23.72
unavailable
63.82000000000001 26.22 25.16 23.72
unavailable
63.82000000000001 50.94 25.16 23.72
unavailable
63.82000000000001 75.66 25.16 23.72
unavailable
63.82000000000001 100.38 25.16 23.72
hallway
63.82000000000001 125.1 25.16 23.72
hallway
63.82000000000001 149.82 25.16 23.72
unavailable
63.82000000000001 174.54 25.16 23.72
unavailable
63.82000000000001 199.26 25.16 23.72
unavailable
63.82000000000001 223.98 25.16 23.72
unavailable
63.82000000000001 248.7 25.16 23.72
unavailable
63.82000000000001 273.41999999999996 25.16 23.72
door
63.82000000000001 298.14 25.16 23.72
unavailable
63.82000000000001 322.86 25.16 23.72
unavailable
63.82000000000001 347.58000000000004 25.16 23.72
unavailable
63.82000000000001 372.29999999999995 25.16 23.72
unavailable
63.82000000000001 397.02 25.16 23.72
unavailable
63.82000000000001 421.74 25.16 23.72
hallway
63.82000000000001 446.46000000000004 25.16 23.72
hallway
63.82000000000001 471.17999999999995 25.16 23.72
unavailable
63.82000000000001 495.9 25.16 23.72
unavailable
63.82000000000001 520.62 25.16 23.72
unavailable
63.82000000000001 545.34 25.16 23.72
unavailable
63.82000000000001 570.06 25.16 23.72
unavailable
63.82000000000001 594.78 25.16 23.72
unavailable
63.82000000000001 619.5 25.16 23.72
unavailable
89.98000000000002 26.22 25.16 23.72
unavailable
89.98000000000002 50.94 25.16 23.72
unavailable
89.98000000000002 75.66 25.16 23.72
unavailable
89.98000000000002 100.38 25.16 23.72
hallway
89.98000000000002 125.1 25.16 23.72
hallway
89.98000000000002 149.82 25.16 23.72
unavailable
89.98000000000002 174.54 25.16 23.72
unavailable
89.98000000000002 199.26 25.16 23.72
unavailable
89.98000000000002 223.98 25.16 23.72
unavailable
89.98000000000002 248.7 25.16 23.72
unavailable
89.98000000000002 273.41999999999996 25.16 23.72
hallway
89.98000000000002 298.14 25.16 23.72
unavailable
89.98000000000002 322.86 25.16 23.72
unavailable
89.98000000000002 347.58000000000004 25.16 23.72
unavailable
89.98000000000002 372.29999999999995 25.16 23.72
unavailable
89.98000000000002 397.02 25.16 23.72
unavailable
89.98000000000002 421.74 25.16 23.72
hallway
89.98000000000002 446.46000000000004 25.16 23.72
hallway
89.98000000000002 471.17999999999995 25.16 23.72
unavailable
89.98000000000002 495.9 25.16 23.72
unavailable
89.98000000000002 520.62 25.16 23.72
unavailable
89.98000000000002 545.34 25.16 23.72
unavailable
89.98000000000002 570.06 25.16 23.72
unavailable
89.98000000000002 594.78 25.16 23.72
unavailable
89.98000000000002 619.5 25.16 23.72
unavailable
116.14000000000001 26.22 25.16 23.72
unavailable
116.14000000000001 50.94 25.16 23.72
unavailable
116.14000000000001 75.66 25.16 23.72
unavailable
116.14000000000001 100.38 25.16 23.72
hallway
116.14000000000001 125.1 25.16 23.72
hallway
116.14000000000001 149.82 25.16 23.72
unavailable
116.14000000000001 174.54 25.16 23.72
unavailable
116.14000000000001 199.26 25.16 23.72
unavailable
116.14000000000001 223.98 25.16 23.72
unavailable
116.14000000000001 248.7 25.16 23.72
unavailable
116.14000000000001 273.41999999999996 25.16 23.72
door
116.14000000000001 298.14 25.16 23.72
unavailable
116.14000000000001 322.86 25.16 23.72
unavailable
116.14000000000001 347.58000000000004 25.16 23.72
unavailable
116.14000000000001 372.29999999999995 25.16 23.72
unavailable
116.14000000000001 397.02 25.16 23.72
unavailable
116.14000000000001 421.74 25.16 23.72
hallway
116.14000000000001 446.46000000000004 25.16 23.72
hallway
116.14000000000001 471.17999999999995 25.16 23.72
unavailable
116.14000000000001 495.9 25.16 23.72
unavailable
116.14000000000001 520.62 25.16 23.72
unavailable
116.14000000000001 545.34 25.16 23.72
unavailable
116.14000000000001 570.06 25.16 23.72
unavailable
116.14000000000001 594.78 25.16 23.72
unavailable
116.14000000000001 619.5 25.16 23.72
unavailable
142.3 26.22 25.16 23.72
unavailable
142.3 50.94 25.16 23.72
unavailable
142.3 75.66 25.16 23.72
unavailable
142.3 100.38 25.16 23.72
hallway
142.3 125.1 25.16 23.72
hallway
142.3 149.82 25.16 23.72
unavailable
142.3 174.54 25.16 23.72
unavailable
142.3 199.26 25.16 23.72
unavailable
142.3 223.98 25.16 23.72
unavailable
142.3 248.7 25.16 23.72
unavailable
142.3 273.41999999999996 25.16 23.72
hallway
142.3 298.14 25.16 23.72
unavailable
142.3 322.86 25.16 23.72
unavailable
142.3 347.58000000000004 25.16 23.72
unavailable
142.3 372.29999999999995 25.16 23.72
unavailable
142.3 397.02 25.16 23.72
unavailable
142.3 421.74 25.16 23.72
hallway
142.3 446.46000000000004 25.16 23.72
hallway
142.3 471.17999999999995 25.16 23.72
unavailable
142.3 495.9 25.16 23.72
unavailable
142.3 520.62 25.16 23.72
unavailable
142.3 545.34 25.16 23.72
unavailable
142.3 570.06 25.16 23.72
unavailable
142.3 594.78 25.16 23.72
unavailable
142.3 619.5 25.16 23.72
unavailable
168.46000000000004 26.22 25.16 23.72
unavailable
168.46000000000004 50.94 25.16 23.72
unavailable
168.46000000000004 75.66 25.16 23.72
unavailable
168.46000000000004 100.38 25.16 23.72
hallway
168.46000000000004 125.1 25.16 23.72
hallway
168.46000000000004 149.82 25.16 23.72
unavailable
168.46000000000004 174.54 25.16 23.72
unavailable
168.46000000000004 199.26 25.16 23.72
unavailable
168.46000000000004 223.98 25.16 23.72
unavailable
168.46000000000004 248.7 25.16 23.72
unavailable
168.46000000000004 273.41999999999996 25.16 23.72
hallway
168.46000000000004 298.14 25.16 23.72
unavailable
168.46000000000004 322.86 25.16 23.72
unavailable
168.46000000000004 347.58000000000004 25.16 23.72
unavailable
168.46000000000004 372.29999999999995 25.16 23.72
unavailable
168.46000000000004 397.02 25.16 23.72
unavailable
168.46000000000004 421.74 25.16 23.72
hallway
168.46000000000004 446.46000000000004 25.16 23.72
hallway
168.46000000000004 471.17999999999995 25.16 23.72
door
168.46000000000004 495.9 25.16 23.72
unavailable
168.46000000000004 520.62 25.16 23.72
unavailable
168.46000000000004 545.34 25.16 23.72
unavailable
168.46000000000004 570.06 25.16 23.72
unavailable
168.46000000000004 594.78 25.16 23.72
unavailable
168.46000000000004 619.5 25.16 23.72
unavailable
194.62 26.22 25.16 23.72
unavailable
194.62 50.94 25.16 23.72
unavailable
194.62 75.66 25.16 23.72
unavailable
194.62 100.38 25.16 23.72
door
194.62 125.1 25.16 23.72
hallway
194.62 149.82 25.16 23.72
hallway
194.62 174.54 25.16 23.72
unavailable
194.62 199.26 25.16 23.72
unavailable
194.62 223.98 25.16 23.72
unavailable
194.62 248.7 25.16 23.72
hallway
194.62 273.41999999999996 25.16 23.72
hallway
194.62 298.14 25.16 23.72
hallway
194.62 322.86 25.16 23.72
hallway
194.62 347.58000000000004 25.16 23.72
hallway
194.62 372.29999999999995 25.16 23.72
door
194.62 397.02 25.16 23.72
hallway
194.62 421.74 25.16 23.72
hallway
194.62 446.46000000000004 25.16 23.72
hallway
194.62 471.17999999999995 25.16 23.72
hallway
194.62 495.9 25.16 23.72
hallway
194.62 520.62 25.16 23.72
hallway
194.62 545.34 25.16 23.72
hallway
194.62 570.06 25.16 23.72
unavailable
194.62 594.78 25.16 23.72
unavailable
194.62 619.5 25.16 23.72
hallway
220.78000000000003 26.22 25.16 23.72
hallway
220.78000000000003 50.94 25.16 23.72
hallway
220.78000000000003 75.66 25.16 23.72
hallway
220.78000000000003 100.38 25.16 23.72
hallway
220.78000000000003 125.1 25.16 23.72
hallway
220.78000000000003 149.82 25.16 23.72
hallway
220.78000000000003 174.54 25.16 23.72
hallway
220.78000000000003 199.26 25.16 23.72
door
220.78000000000003 223.98 25.16 23.72
hallway
220.78000000000003 248.7 25.16 23.72
hallway
220.78000000000003 273.41999999999996 25.16 23.72
hallway
220.78000000000003 298.14 25.16 23.72
hallway
220.78000000000003 322.86 25.16 23.72
hallway
220.78000000000003 347.58000000000004 25.16 23.72
hallway
220.78000000000003 372.29999999999995 25.16 23.72
hallway
220.78000000000003 397.02 25.16 23.72
hallway
220.78000000000003 421.74 25.16 23.72
hallway
220.78000000000003 446.46000000000004 25.16 23.72
hallway
220.78000000000003 471.17999999999995 25.16 23.72
door
220.78000000000003 495.9 25.16 23.72
hallway
220.78000000000003 520.62 25.16 23.72
hallway
220.78000000000003 545.34 25.16 23.72
hallway
220.78000000000003 570.06 25.16 23.72
hallway
220.78000000000003 594.78 25.16 23.72
unavailable
220.78000000000003 619.5 25.16 23.72
unavailable
246.94 26.22 25.16 23.72
hallway
246.94 50.94 25.16 23.72
hallway
246.94 75.66 25.16 23.72
hallway
246.94 100.38 25.16 23.72
door
246.94 125.1 25.16 23.72
hallway
246.94 149.82 25.16 23.72
hallway
246.94 174.54 25.16 23.72
hallway
246.94 199.26 25.16 23.72
hallway
246.94 223.98 25.16 23.72
hallway
246.94 248.7 25.16 23.72
hallway
246.94 273.41999999999996 25.16 23.72
hallway
246.94 298.14 25.16 23.72
hallway
246.94 322.86 25.16 23.72
hallway
246.94 347.58000000000004 25.16 23.72
hallway
246.94 372.29999999999995 25.16 23.72
hallway
246.94 397.02 25.16 23.72
hallway
246.94 421.74 25.16 23.72
unavailable
246.94 446.46000000000004 25.16 23.72
unavailable
246.94 471.17999999999995 25.16 23.72
unavailable
246.94 495.9 25.16 23.72
unavailable
246.94 520.62 25.16 23.72
unavailable
246.94 545.34 25.16 23.72
unavailable
246.94 570.06 25.16 23.72
hallway
246.94 594.78 25.16 23.72
unavailable
246.94 619.5 25.16 23.72
unavailable
273.1 26.22 25.16 23.72
unavailable
273.1 50.94 25.16 23.72
unavailable
273.1 75.66 25.16 23.72
unavailable
273.1 100.38 25.16 23.72
unavailable
273.1 125.1 25.16 23.72
unavailable
273.1 149.82 25.16 23.72
unavailable
273.1 174.54 25.16 23.72
hallway
273.1 199.26 25.16 23.72
hallway
273.1 223.98 25.16 23.72
hallway
273.1 248.7 25.16 23.72
hallway
273.1 273.41999999999996 25.16 23.72
hallway
273.1 298.14 25.16 23.72
hallway
273.1 322.86 25.16 23.72
hallway
273.1 347.58000000000004 25.16 23.72
hallway
273.1 372.29999999999995 25.16 23.72
hallway
273.1 397.02 25.16 23.72
door
273.1 421.74 25.16 23.72
unavailable
273.1 446.46000000000004 25.16 23.72
unavailable
273.1 471.17999999999995 25.16 23.72
unavailable
273.1 495.9 25.16 23.72
unavailable
273.1 520.62 25.16 23.72
unavailable
273.1 545.34 25.16 23.72
unavailable
273.1 570.06 25.16 23.72
hallway
273.1 594.78 25.16 23.72
room
273.1 619.5 25.16 23.72
unavailable
299.26000000000005 26.22 25.16 23.72
unavailable
299.26000000000005 50.94 25.16 23.72
unavailable
299.26000000000005 75.66 25.16 23.72
unavailable
299.26000000000005 100.38 25.16 23.72
unavailable
299.26000000000005 125.1 25.16 23.72
unavailable
299.26000000000005 149.82 25.16 23.72
unavailable
299.26000000000005 174.54 25.16 23.72
hallway
299.26000000000005 199.26 25.16 23.72
hallway
299.26000000000005 223.98 25.16 23.72
hallway
299.26000000000005 248.7 25.16 23.72
hallway
299.26000000000005 273.41999999999996 25.16 23.72
hallway
299.26000000000005 298.14 25.16 23.72
hallway
299.26000000000005 322.86 25.16 23.72
hallway
299.26000000000005 347.58000000000004 25.16 23.72
hallway
299.26000000000005 372.29999999999995 25.16 23.72
hallway
299.26000000000005 397.02 25.16 23.72
hallway
299.26000000000005 421.74 25.16 23.72
unavailable
299.26000000000005 446.46000000000004 25.16 23.72
unavailable
299.26000000000005 471.17999999999995 25.16 23.72
unavailable
299.26000000000005 495.9 25.16 23.72
unavailable
299.26000000000005 520.62 25.16 23.72
unavailable
299.26000000000005 545.34 25.16 23.72
unavailable
299.26000000000005 570.06 25.16 23.72
unavailable
299.26000000000005 594.78 25.16 23.72
unavailable
299.26000000000005 619.5 25.16 23.72
unavailable
325.42 26.22 25.16 23.72
unavailable
325.42 50.94 25.16 23.72
unavailable
325.42 75.66 25.16 23.72
unavailable
325.42 100.38 25.16 23.72
unavailable
325.42 125.1 25.16 23.72
unavailable
325.42 149.82 25.16 23.72
unavailable
325.42 174.54 25.16 23.72
door
325.42 199.26 25.16 23.72
hallway
325.42 223.98 25.16 23.72
hallway
325.42 248.7 25.16 23.72
hallway
325.42 273.41999999999996 25.16 23.72
hallway
325.42 298.14 25.16 23.72
hallway
325.42 322.86 25.16 23.72
hallway
325.42 347.58000000000004 25.16 23.72
hallway
325.42 372.29999999999995 25.16 23.72
hallway
325.42 397.02 25.16 23.72
hallway
325.42 421.74 25.16 23.72
unavailable
325.42 446.46000000000004 25.16 23.72
unavailable
325.42 471.17999999999995 25.16 23.72
unavailable
325.42 495.9 25.16 23.72
unavailable
325.42 520.62 25.16 23.72
unavailable
325.42 545.34 25.16 23.72
unavailable
325.42 570.06 25.16 23.72
unavailable
325.42 594.78 25.16 23.72
unavailable
325.42 619.5 25.16 23.72
unavailable
351.58000000000004 26.22 25.16 23.72
unavailable
351.58000000000004 50.94 25.16 23.72
unavailable
351.58000000000004 75.66 25.16 23.72
unavailable
351.58000000000004 100.38 25.16 23.72
unavailable
351.58000000000004 125.1 25.16 23.72
unavailable
351.58000000000004 149.82 25.16 23.72
unavailable
351.58000000000004 174.54 25.16 23.72
door
351.58000000000004 199.26 25.16 23.72
hallway
351.58000000000004 223.98 25.16 23.72
hallway
351.58000000000004 248.7 25.16 23.72
hallway
351.58000000000004 273.41999999999996 25.16 23.72
hallway
351.58000000000004 298.14 25.16 23.72
hallway
351.58000000000004 322.86 25.16 23.72
hallway
351.58000000000004 347.58000000000004 25.16 23.72
hallway
351.58000000000004 372.29999999999995 25.16 23.72
hallway
351.58000000000004 397.02 25.16 23.72
hallway
351.58000000000004 421.74 25.16 23.72
unavailable
351.58000000000004 446.46000000000004 25.16 23.72
unavailable
351.58000000000004 471.17999999999995 25.16 23.72
unavailable
351.58000000000004 495.9 25.16 23.72
unavailable
351.58000000000004 520.62 25.16 23.72
unavailable
351.58000000000004 545.34 25.16 23.72
unavailable
351.58000000000004 570.06 25.16 23.72
unavailable
351.58000000000004 594.78 25.16 23.72
unavailable
351.58000000000004 619.5 25.16 23.72
unavailable
377.74 26.22 25.16 23.72
unavailable
377.74 50.94 25.16 23.72
unavailable
377.74 75.66 25.16 23.72
unavailable
377.74 100.38 25.16 23.72
unavailable
377.74 125.1 25.16 23.72
unavailable
377.74 149.82 25.16 23.72
unavailable
377.74 174.54 25.16 23.72
hallway
377.74 199.26 25.16 23.72
hallway
377.74 223.98 25.16 23.72
hallway
377.74 248.7 25.16 23.72
hallway
377.74 273.41999999999996 25.16 23.72
hallway
377.74 298.14 25.16 23.72
hallway
377.74 322.86 25.16 23.72
hallway
377.74 347.58000000000004 25.16 23.72
hallway
377.74 372.29999999999995 25.16 23.72
hallway
377.74 397.02 25.16 23.72
hallway
377.74 421.74 25.16 23.72
unavailable
377.74 446.46000000000004 25.16 23.72
unavailable
377.74 471.17999999999995 25.16 23.72
unavailable
377.74 495.9 25.16 23.72
unavailable
377.74 520.62 25.16 23.72
unavailable
377.74 545.34 25.16 23.72
unavailable
377.74 570.06 25.16 23.72
unavailable
377.74 594.78 25.16 23.72
unavailable
377.74 619.5 25.16 23.72
unavailable
403.90000000000003 26.22 25.16 23.72
unavailable
403.90000000000003 50.94 25.16 23.72
unavailable
403.90000000000003 75.66 25.16 23.72
unavailable
403.90000000000003 100.38 25.16 23.72
unavailable
403.90000000000003 125.1 25.16 23.72
unavailable
403.90000000000003 149.82 25.16 23.72
unavailable
403.90000000000003 174.54 25.16 23.72
hallway
403.90000000000003 199.26 25.16 23.72
hallway
403.90000000000003 223.98 25.16 23.72
hallway
403.90000000000003 248.7 25.16 23.72
hallway
403.90000000000003 273.41999999999996 25.16 23.72
hallway
403.90000000000003 298.14 25.16 23.72
hallway
403.90000000000003 322.86 25.16 23.72
hallway
403.90000000000003 347.58000000000004 25.16 23.72
hallway
403.90000000000003 372.29999999999995 25.16 23.72
hallway
403.90000000000003 397.02 25.16 23.72
door
403.90000000000003 421.74 25.16 23.72
unavailable
403.90000000000003 446.46000000000004 25.16 23.72
unavailable
403.90000000000003 471.17999999999995 25.16 23.72
unavailable
403.90000000000003 495.9 25.16 23.72
unavailable
403.90000000000003 520.62 25.16 23.72
unavailable
403.90000000000003 545.34 25.16 23.72
unavailable
403.90000000000003 570.06 25.16 23.72
hallway
403.90000000000003 594.78 25.16 23.72
room
403.90000000000003 619.5 25.16 23.72
unavailable
430.06 26.22 25.16 23.72
hallway
430.06 50.94 25.16 23.72
hallway
430.06 75.66 25.16 23.72
hallway
430.06 100.38 25.16 23.72
hallway
430.06 125.1 25.16 23.72
hallway
430.06 149.82 25.16 23.72
hallway
430.06 174.54 25.16 23.72
hallway
430.06 199.26 25.16 23.72
hallway
430.06 223.98 25.16 23.72
hallway
430.06 248.7 25.16 23.72
hallway
430.06 273.41999999999996 25.16 23.72
hallway
430.06 298.14 25.16 23.72
door
430.06 322.86 25.16 23.72
hallway
430.06 347.58000000000004 25.16 23.72
hallway
430.06 372.29999999999995 25.16 23.72
hallway
430.06 397.02 25.16 23.72
hallway
430.06 421.74 25.16 23.72
unavailable
430.06 446.46000000000004 25.16 23.72
unavailable
430.06 471.17999999999995 25.16 23.72
unavailable
430.06 495.9 25.16 23.72
unavailable
430.06 520.62 25.16 23.72
unavailable
430.06 545.34 25.16 23.72
unavailable
430.06 570.06 25.16 23.72
hallway
430.06 594.78 25.16 23.72
unavailable
430.06 619.5 25.16 23.72
room
456.22 26.22 25.16 23.72
hallway
456.22 50.94 25.16 23.72
hallway
456.22 75.66 25.16 23.72
hallway
456.22 100.38 25.16 23.72
hallway
456.22 125.1 25.16 23.72
hallway
456.22 149.82 25.16 23.72
hallway
456.22 174.54 25.16 23.72
hallway
456.22 199.26 25.16 23.72
hallway
456.22 223.98 25.16 23.72
unavailable
456.22 248.7 25.16 23.72
unavailable
456.22 273.41999999999996 25.16 23.72
unavailable
456.22 298.14 25.16 23.72
unavailable
456.22 322.86 25.16 23.72
unavailable
456.22 347.58000000000004 25.16 23.72
unavailable
456.22 372.29999999999995 25.16 23.72
hallway
456.22 397.02 25.16 23.72
hallway
456.22 421.74 25.16 23.72
hallway
456.22 446.46000000000004 25.16 23.72
hallway
456.22 471.17999999999995 25.16 23.72
door
456.22 495.9 25.16 23.72
hallway
456.22 520.62 25.16 23.72
hallway
456.22 545.34 25.16 23.72
hallway
456.22 570.06 25.16 23.72
hallway
456.22 594.78 25.16 23.72
unavailable
456.22 619.5 25.16 23.72
unavailable
482.38000000000005 26.22 25.16 23.72
unavailable
482.38000000000005 50.94 25.16 23.72
unavailable
482.38000000000005 75.66 25.16 23.72
unavailable
482.38000000000005 100.38 25.16 23.72
unavailable
482.38000000000005 125.1 25.16 23.72
unavailable
482.38000000000005 149.82 25.16 23.72
door
482.38000000000005 174.54 25.16 23.72
hallway
482.38000000000005 199.26 25.16 23.72
door
482.38000000000005 223.98 25.16 23.72
unavailable
482.38000000000005 248.7 25.16 23.72
unavailable
482.38000000000005 273.41999999999996 25.16 23.72
unavailable
482.38000000000005 298.14 25.16 23.72
unavailable
482.38000000000005 322.86 25.16 23.72
unavailable
482.38000000000005 347.58000000000004 25.16 23.72
unavailable
482.38000000000005 372.29999999999995 25.16 23.72
hallway
482.38000000000005 397.02 25.16 23.72
hallway
482.38000000000005 421.74 25.16 23.72
hallway
482.38000000000005 446.46000000000004 25.16 23.72
hallway
482.38000000000005 471.17999999999995 25.16 23.72
hallway
482.38000000000005 495.9 25.16 23.72
hallway
482.38000000000005 520.62 25.16 23.72
hallway
482.38000000000005 545.34 25.16 23.72
hallway
482.38000000000005 570.06 25.16 23.72
unavailable
482.38000000000005 594.78 25.16 23.72
unavailable
482.38000000000005 619.5 25.16 23.72
unavailable
508.54 26.22 25.16 23.72
unavailable
508.54 50.94 25.16 23.72
unavailable
508.54 75.66 25.16 23.72
unavailable
508.54 100.38 25.16 23.72
unavailable
508.54 125.1 25.16 23.72
unavailable
508.54 149.82 25.16 23.72
hallway
508.54 174.54 25.16 23.72
hallway
508.54 199.26 25.16 23.72
hallway
508.54 223.98 25.16 23.72
unavailable
508.54 248.7 25.16 23.72
unavailable
508.54 273.41999999999996 25.16 23.72
unavailable
508.54 298.14 25.16 23.72
unavailable
508.54 322.86 25.16 23.72
unavailable
508.54 347.58000000000004 25.16 23.72
unavailable
508.54 372.29999999999995 25.16 23.72
hallway
508.54 397.02 25.16 23.72
hallway
508.54 421.74 25.16 23.72
hallway
508.54 446.46000000000004 25.16 23.72
unavailable
508.54 471.17999999999995 25.16 23.72
unavailable
508.54 495.9 25.16 23.72
unavailable
508.54 520.62 25.16 23.72
unavailable
508.54 545.34 25.16 23.72
unavailable
508.54 570.06 25.16 23.72
unavailable
508.54 594.78 25.16 23.72
unavailable
508.54 619.5 25.16 23.72
unavailable
534.7 26.22 25.16 23.72
unavailable
534.7 50.94 25.16 23.72
unavailable
534.7 75.66 25.16 23.72
unavailable
534.7 100.38 25.16 23.72
unavailable
534.7 125.1 25.16 23.72
unavailable
534.7 149.82 25.16 23.72
hallway
534.7 174.54 25.16 23.72
hallway
534.7 199.26 25.16 23.72
hallway
534.7 223.98 25.16 23.72
unavailable
534.7 248.7 25.16 23.72
unavailable
534.7 273.41999999999996 25.16 23.72
unavailable
534.7 298.14 25.16 23.72
unavailable
534.7 322.86 25.16 23.72
unavailable
534.7 347.58000000000004 25.16 23.72
unavailable
534.7 372.29999999999995 25.16 23.72
unavailable
534.7 397.02 25.16 23.72
hallway
534.7 421.74 25.16 23.72
door
534.7 446.46000000000004 25.16 23.72
unavailable
534.7 471.17999999999995 25.16 23.72
unavailable
534.7 495.9 25.16 23.72
unavailable
534.7 520.62 25.16 23.72
unavailable
534.7 545.34 25.16 23.72
unavailable
534.7 570.06 25.16 23.72
unavailable
534.7 594.78 25.16 23.72
unavailable
534.7 619.5 25.16 23.72
unavailable
560.86 26.22 25.16 23.72
unavailable
560.86 50.94 25.16 23.72
unavailable
560.86 75.66 25.16 23.72
unavailable
560.86 100.38 25.16 23.72
unavailable
560.86 125.1 25.16 23.72
unavailable
560.86 149.82 25.16 23.72
hallway
560.86 174.54 25.16 23.72
hallway
560.86 199.26 25.16 23.72
hallway
560.86 223.98 25.16 23.72
unavailable
560.86 248.7 25.16 23.72
unavailable
560.86 273.41999999999996 25.16 23.72
unavailable
560.86 298.14 25.16 23.72
unavailable
560.86 322.86 25.16 23.72
unavailable
560.86 347.58000000000004 25.16 23.72
unavailable
560.86 372.29999999999995 25.16 23.72
unavailable
560.86 397.02 25.16 23.72
hallway
560.86 421.74 25.16 23.72
hallway
560.86 446.46000000000004 25.16 23.72
unavailable
560.86 471.17999999999995 25.16 23.72
unavailable
560.86 495.9 25.16 23.72
unavailable
560.86 520.62 25.16 23.72
unavailable
560.86 545.34 25.16 23.72
unavailable
560.86 570.06 25.16 23.72
unavailable
560.86 594.78 25.16 23.72
unavailable
560.86 619.5 25.16 23.72
unavailable
587.02 26.22 25.16 23.72
unavailable
587.02 50.94 25.16 23.72
unavailable
587.02 75.66 25.16 23.72
unavailable
587.02 100.38 25.16 23.72
unavailable
587.02 125.1 25.16 23.72
unavailable
587.02 149.82 25.16 23.72
hallway
587.02 174.54 25.16 23.72
hallway
587.02 199.26 25.16 23.72
hallway
587.02 223.98 25.16 23.72
unavailable
587.02 248.7 25.16 23.72
unavailable
587.02 273.41999999999996 25.16 23.72
unavailable
587.02 298.14 25.16 23.72
unavailable
587.02 322.86 25.16 23.72
unavailable
587.02 347.58000000000004 25.16 23.72
unavailable
587.02 372.29999999999995 25.16 23.72
unavailable
587.02 397.02 25.16 23.72
hallway
587.02 421.74 25.16 23.72
hallway
587.02 446.46000000000004 25.16 23.72
unavailable
587.02 471.17999999999995 25.16 23.72
unavailable
587.02 495.9 25.16 23.72
unavailable
587.02 520.62 25.16 23.72
unavailable
587.02 545.34 25.16 23.72
unavailable
587.02 570.06 25.16 23.72
unavailable
587.02 594.78 25.16 23.72
unavailable
587.02 619.5 25.16 23.72
unavailable
613.18 26.22 25.16 23.72
unavailable
613.18 50.94 25.16 23.72
unavailable
613.18 75.66 25.16 23.72
unavailable
613.18 100.38 25.16 23.72
unavailable
613.18 125.1 25.16 23.72
unavailable
613.18 149.82 25.16 23.72
hallway
613.18 174.54 25.16 23.72
hallway
613.18 199.26 25.16 23.72
hallway
613.18 223.98 25.16 23.72
unavailable
613.18 248.7 25.16 23.72
unavailable
613.18 273.41999999999996 25.16 23.72
unavailable
613.18 298.14 25.16 23.72
unavailable
613.18 322.86 25.16 23.72
unavailable
613.18 347.58000000000004 25.16 23.72
unavailable
613.18 372.29999999999995 25.16 23.72
unavailable
613.18 397.02 25.16 23.72
hallway
613.18 421.74 25.16 23.72
hallway
613.18 446.46000000000004 25.16 23.72
unavailable
613.18 471.17999999999995 25.16 23.72
unavailable
613.18 495.9 25.16 23.72
unavailable
613.18 520.62 25.16 23.72
unavailable
613.18 545.34 25.16 23.72
unavailable
613.18 570.06 25.16 23.72
unavailable
613.18 594.78 25.16 23.72
unavailable
613.18 619.5 25.16 23.72
unavailable
639.3399999999999 26.22 25.16 23.72
unavailable
639.3399999999999 50.94 25.16 23.72
unavailable
639.3399999999999 75.66 25.16 23.72
unavailable
639.3399999999999 100.38 25.16 23.72
unavailable
639.3399999999999 125.1 25.16 23.72
unavailable
639.3399999999999 149.82 25.16 23.72
unavailable
639.3399999999999 174.54 25.16 23.72
room
639.3399999999999 199.26 25.16 23.72
unavailable
639.3399999999999 223.98 25.16 23.72
unavailable
639.3399999999999 248.7 25.16 23.72
unavailable
639.3399999999999 273.41999999999996 25.16 23.72
unavailable
639.3399999999999 298.14 25.16 23.72
unavailable
639.3399999999999 322.86 25.16 23.72
unavailable
639.3399999999999 347.58000000000004 25.16 23.72
unavailable
639.3399999999999 372.29999999999995 25.16 23.72
unavailable
639.3399999999999 397.02 25.16 23.72
unavailable
639.3399999999999 421.74 25.16 23.72
hallway
639.3399999999999 446.46000000000004 25.16 23.72
unavailable
639.3399999999999 471.17999999999995 25.16 23.72
unavailable
639.3399999999999 495.9 25.16 23.72
unavailable
639.3399999999999 520.62 25.16 23.72
unavailable
639.3399999999999 545.34 25.16 23.72
unavailable
639.3399999999999 570.06 25.16 23.72
unavailable
639.3399999999999 594.78 25.16 23.72
unavailable
639.3399999999999 619.5 25.16 23.72
unavailable
665.5 26.22 25.16 23.72
unavailable
665.5 50.94 25.16 23.72
unavailable
665.5 75.66 25.16 23.72
unavailable
665.5 100.38 25.16 23.72
unavailable
665.5 125.1 25.16 23.72
unavailable
665.5 149.82 25.16 23.72
unavailable
665.5 174.54 25.16 23.72
unavailable
665.5 199.26 25.16 23.72
unavailable
665.5 223.98 25.16 23.72
unavailable
665.5 248.7 25.16 23.72
unavailable
665.5 273.41999999999996 25.16 23.72
unavailable
665.5 298.14 25.16 23.72
unavailable
665.5 322.86 25.16 23.72
unavailable
665.5 347.58000000000004 25.16 23.72
unavailable
665.5 372.29999999999995 25.16 23.72
unavailable
665.5 397.02 25.16 23.72
unavailable
665.5 421.74 25.16 23.72
unavailable
665.5 446.46000000000004 25.16 23.72
unavailable
665.5 471.17999999999995 25.16 23.72
unavailable
665.5 495.9 25.16 23.72
unavailable
665.5 520.62 25.16 23.72
unavailable
665.5 545.34 25.16 23.72
unavailable
665.5 570.06 25.16 23.72
unavailable
665.5 594.78 25.16 23.72
unavailable
665.5 619.5 25.16 23.72
